#model_version:v2026.06.15,score_date:2026-09-17T12:00:22Z
cve,epss,percentile
CVE-2019-1133,0.03306,0.87939
