#model_version:v2026.06.15,score_date:2026-09-24T12:00:20Z
cve,epss,percentile
CVE-2020-1247,0.00894,0.57731
