#model_version:v2026.06.15,score_date:2026-09-22T12:02:55Z
cve,epss,percentile
CVE-2026-88404,0.00208,0.11291
