#model_version:v2026.06.15,score_date:2026-09-17T12:00:22Z
cve,epss,percentile
CVE-2008-6278,0.01453,0.72156
