#model_version:v2026.06.15,score_date:2026-09-16T12:00:22Z
cve,epss,percentile
CVE-2018-17665,0.03918,0.89793
