#model_version:v2026.06.15,score_date:2026-09-25T12:03:13Z
cve,epss,percentile
CVE-2025-54558,0.00195,0.08169
