#model_version:v2026.06.15,score_date:2026-09-23T12:00:20Z
cve,epss,percentile
CVE-2025-13949,0.00239,0.15286
