#model_version:v2026.06.15,score_date:2026-09-18T12:00:20Z
cve,epss,percentile
CVE-2025-6799,0.01256,0.68165
