#model_version:v2025.03.14,score_date:2025-09-08T12:55:00Z
cve,epss,percentile
CVE-2017-13866,0.01523,0.80579
