#model_version:v2026.06.15,score_date:2026-09-22T12:02:55Z
cve,epss,percentile
CVE-2016-9650,0.01081,0.63681
